36
0 30 30 92 6 13 95 76 81 91 37 78 90 64 49 46 19 60 93 35 47 69 54 87 12 39 33 54 12 10 4 88 54 46 82 84
30 0 8 29 10 92 62 62 74 48 22 85 23 3 30 12 98 69 29 61 34 53 98 94 33 77 31 54 71 78 8 78 50 76 56 80
30 8 0 72 26 20 57 39 68 55 71 19 32 87 41 94 21 21 20 61 13 5 46 97 61 8 92 33 73 0 16 73 74 44 55 96
92 29 72 0 67 94 83 28 22 78 55 89 11 99 84 56 30 90 87 80 20 66 59 93 79 80 28 68 99 54 69 99 1 49 63 23
6 10 26 67 0 33 99 40 29 60 95 28 44 30 88 66 9 41 3 4 63 61 87 34 28 55 63 10 78 17 90 0 66 62 30 76
13 92 20 94 33 0 0 91 62 73 38 49 85 86 88 13 71 46 75 98 53 52 10 84 70 44 8 52 59 48 85 29 94 79 4 85
95 62 57 83 99 0 0 31 54 95 75 81 11 56 38 95 37 67 54 88 93 53 44 68 58 98 55 84 76 19 46 89 89 5 23 63
76 62 39 28 40 91 31 0 19 53 20 47 17 66 60 86 14 52 27 77 5 37 27 53 88 84 63 1 26 18 85 59 24 64 81 12
81 74 68 22 29 62 54 19 0 72 32 64 18 79 23 56 63 2 78 3 32 3 2 18 89 50 69 66 20 97 52 81 42 28 71 71
91 48 55 78 60 73 95 53 72 0 53 87 31 36 99 98 38 97 26 31 60 83 43 16 91 96 52 48 12 17 13 35 7 96 17 59
37 22 71 55 95 38 75 20 32 53 0 26 30 43 53 26 37 93 35 49 33 87 55 48 63 81 55 12 28 79 62 63 11 56 0 10
78 85 19 89 28 49 81 47 64 87 26 0 34 1 75 62 33 68 51 53 80 84 40 3 32 27 32 61 27 92 25 2 15 9 30 0
90 23 32 11 44 85 11 17 18 31 30 34 0 97 24 14 10 84 56 83 0 16 67 2 5 98 73 47 81 88 39 46 13 9 89 96
64 3 87 99 30 86 56 66 79 36 43 1 97 0 30 66 37 2 0 1 8 84 99 7 62 58 49 93 47 53 34 39 8 86 18 52
49 30 41 84 88 88 38 60 23 99 53 75 24 30 0 4 95 3 80 9 3 5 26 36 92 8 94 75 8 64 73 47 68 78 8 40
46 12 94 56 66 13 95 86 56 98 26 62 14 66 4 0 6 31 85 47 96 5 98 44 86 0 93 53 16 87 94 23 61 80 35 17
19 98 21 30 9 71 37 14 63 38 37 33 10 37 95 6 0 45 51 26 54 59 57 25 99 87 34 79 24 41 29 7 26 71 36 18
60 69 21 90 41 46 67 52 2 97 93 68 84 2 3 31 45 0 57 16 28 1 24 68 56 81 1 54 22 67 44 6 46 30 0 86
93 29 20 87 3 75 54 27 78 26 35 51 56 0 80 85 51 57 0 73 15 81 68 36 12 65 18 59 93 34 92 82 69 3 24 94
35 61 61 80 4 98 88 77 3 31 49 53 83 1 9 47 26 16 73 0 53 66 98 6 98 30 31 41 74 23 56 15 63 91 67 10
47 34 13 20 63 53 93 5 32 60 33 80 0 8 3 96 54 28 15 53 0 63 5 20 27 20 15 75 56 89 93 60 37 44 41 76
69 53 5 66 61 52 53 37 3 83 87 84 16 84 5 5 59 1 81 66 63 0 25 6 62 60 51 57 79 34 41 82 95 15 94 12
54 98 46 59 87 10 44 27 2 43 55 40 67 99 26 98 57 24 68 98 5 25 0 90 49 82 56 75 39 48 84 15 45 93 74 87
87 94 97 93 34 84 68 53 18 16 48 3 2 7 36 44 25 68 36 6 20 6 90 0 39 10 81 54 80 88 13 62 11 65 72 18
12 33 61 79 28 70 58 88 89 91 63 32 5 62 92 86 99 56 12 98 27 62 49 39 0 81 55 82 20 33 20 77 99 5 70 31
39 77 8 80 55 44 98 84 50 96 81 27 98 58 8 0 87 81 65 30 20 60 82 10 81 0 33 52 47 55 29 74 7 30 64 45
33 31 92 28 63 8 55 63 69 52 55 32 73 49 94 93 34 1 18 31 15 51 56 81 55 33 0 13 7 96 98 47 0 60 94 53
54 54 33 68 10 52 84 1 66 48 12 61 47 93 75 53 79 54 59 41 75 57 75 54 82 52 13 0 6 97 20 94 42 4 30 25
12 71 73 99 78 59 76 26 20 12 28 27 81 47 8 16 24 22 93 74 56 79 39 80 20 47 7 6 0 64 12 44 74 96 54 44
10 78 0 54 17 48 19 18 97 17 79 92 88 53 64 87 41 67 34 23 89 34 48 88 33 55 96 97 64 0 32 74 5 84 4 44
4 8 16 69 90 85 46 85 52 13 62 25 39 34 73 94 29 44 92 56 93 41 84 13 20 29 98 20 12 32 0 64 68 38 35 29
88 78 73 99 0 29 89 59 81 35 63 2 46 39 47 23 7 6 82 15 60 82 15 62 77 74 47 94 44 74 64 0 11 39 69 85
54 50 74 1 66 94 89 24 42 7 11 15 13 8 68 61 26 46 69 63 37 95 45 11 99 7 0 42 74 5 68 11 0 79 60 83
46 76 44 49 62 79 5 64 28 96 56 9 9 86 78 80 71 30 3 91 44 15 93 65 5 30 60 4 96 84 38 39 79 0 12 5
82 56 55 63 30 4 23 81 71 17 0 30 89 18 8 35 36 0 24 67 41 94 74 72 70 64 94 30 54 4 35 69 60 12 0 55
84 80 96 23 76 85 63 12 71 59 10 0 96 52 40 17 18 86 94 10 76 12 87 18 31 45 53 25 44 44 29 85 83 5 55 0
0 21 95 82 56 41 6 25 10 4 63 6 44 40 75 79 0 89 35 9 1 85 84 12 0 26 91 11 35 82 26 69 56 86 45 91
21 0 59 18 76 39 18 57 36 61 36 21 71 11 29 82 82 6 71 8 77 74 30 89 76 76 40 93 56 1 50 4 36 27 85 2
95 59 0 1 15 11 35 11 20 21 61 80 58 21 76 72 44 85 94 90 51 3 48 29 90 66 41 15 83 96 74 45 65 40 54 83
82 18 1 0 14 71 77 36 53 37 26 87 76 91 13 29 11 77 32 87 67 94 79 2 10 99 56 70 99 60 4 56 2 60 72 74
56 76 15 14 0 46 13 20 86 4 77 15 89 48 14 89 44 59 22 57 63 6 0 62 41 62 46 25 75 76 40 66 58 30 68 78
41 39 11 71 46 0 91 13 59 49 85 84 8 38 41 56 39 53 77 50 30 58 55 19 85 52 34 53 40 69 12 85 72 7 49 46
6 18 35 77 13 91 0 87 58 17 68 27 21 6 67 26 82 44 35 3 62 8 51 1 91 39 87 72 45 96 7 87 68 33 3 21
25 57 11 36 20 13 87 0 90 45 47 25 30 43 97 33 35 61 42 36 43 7 84 6 0 0 48 62 59 29 94 82 29 3 3 51
10 36 20 53 86 59 58 90 0 67 39 15 66 42 23 62 62 28 76 66 82 98 35 15 17 77 44 26 76 86 60 62 62 83 91 57
4 61 21 37 4 49 17 45 67 0 62 36 2 2 43 65 37 49 61 5 34 53 96 82 48 28 31 75 1 95 7 92 69 62 32 97
63 36 61 26 77 85 68 47 39 62 0 5 39 50 82 93 71 35 14 20 74 49 50 37 79 19 51 70 42 26 79 98 60 35 9 96
6 21 80 87 15 84 27 25 15 36 5 0 70 21 37 37 67 93 93 39 2 52 26 90 26 1 68 93 7 94 19 54 37 0 20 12
44 71 58 76 89 8 21 30 66 2 39 70 0 11 66 84 80 1 55 9 21 12 65 7 17 51 84 87 2 27 82 71 71 40 93 27
40 11 21 91 48 38 6 43 42 2 50 21 11 0 93 92 34 39 31 26 1 87 72 59 97 46 62 12 91 63 70 1 22 49 24 58
75 29 76 13 14 41 67 97 23 43 82 37 66 93 0 62 49 94 92 63 13 45 22 69 70 18 1 44 32 3 72 99 34 45 18 96
79 82 72 29 89 56 26 33 62 65 93 37 84 92 62 0 82 79 75 83 43 26 81 39 66 22 71 58 42 91 56 27 56 28 64 98
0 82 44 11 44 39 82 35 62 37 71 67 80 34 49 82 0 69 69 93 35 41 67 12 33 1 71 72 26 86 67 67 24 10 46 56
89 6 85 77 59 53 44 61 28 49 35 93 1 39 94 79 69 0 56 69 53 48 74 43 94 29 64 97 38 12 99 51 87 76 71 47
35 71 94 32 22 77 35 42 76 61 14 93 55 31 92 75 69 56 0 47 9 71 20 81 99 45 56 15 99 64 57 84 83 61 25 41
9 8 90 87 57 50 3 36 66 5 20 39 9 26 63 83 93 69 47 0 8 46 52 22 33 68 52 28 75 99 6 85 65 47 90 24
1 77 51 67 63 30 62 43 82 34 74 2 21 1 13 43 35 53 9 8 0 79 70 28 19 87 80 4 21 34 12 20 67 24 94 10
85 74 3 94 6 58 8 7 98 53 49 52 12 87 45 26 41 48 71 46 79 0 64 52 92 49 68 65 66 28 81 17 58 99 90 70
84 30 48 79 0 55 51 84 35 96 50 26 65 72 22 81 67 74 20 52 70 64 0 17 57 37 2 37 3 43 20 68 35 60 23 48
12 89 29 2 62 19 1 6 15 82 37 90 7 59 69 39 12 43 81 22 28 52 17 0 40 10 42 83 82 27 49 15 34 50 42 26
0 76 90 10 41 85 91 0 17 48 79 26 17 97 70 66 33 94 99 33 19 92 57 40 0 33 23 16 69 97 13 35 80 40 55 30
26 76 66 99 62 52 39 0 77 28 19 1 51 46 18 22 1 29 45 68 87 49 37 10 33 0 22 76 55 56 91 74 82 96 2 13
91 40 41 56 46 34 87 48 44 31 51 68 84 62 1 71 71 64 56 52 80 68 2 42 23 22 0 4 4 35 48 29 42 56 3 30
11 93 15 70 25 53 72 62 26 75 70 93 87 12 44 58 72 97 15 28 4 65 37 83 16 76 4 0 60 81 37 42 3 17 25 37
35 56 83 99 75 40 45 59 76 1 42 7 2 91 32 42 26 38 99 75 21 66 3 82 69 55 4 60 0 26 88 95 55 53 62 22
82 1 96 60 76 69 96 29 86 95 26 94 27 63 3 91 86 12 64 99 34 28 43 27 97 56 35 81 26 0 44 86 43 43 40 36
26 50 74 4 40 12 7 94 60 7 79 19 82 70 72 56 67 99 57 6 12 81 20 49 13 91 48 37 88 44 0 53 34 59 43 50
69 4 45 56 66 85 87 82 62 92 98 54 71 1 99 27 67 51 84 85 20 17 68 15 35 74 29 42 95 86 53 0 58 62 43 9
56 36 65 2 58 72 68 29 62 69 60 37 71 22 34 56 24 87 83 65 67 58 35 34 80 82 42 3 55 43 34 58 0 22 64 46
86 27 40 60 30 7 33 3 83 62 35 0 40 49 45 28 10 76 61 47 24 99 60 50 40 96 56 17 53 43 59 62 22 0 68 53
45 85 54 72 68 49 3 3 91 32 9 20 93 24 18 64 46 71 25 90 94 90 23 42 55 2 3 25 62 40 43 43 64 68 0 8
91 2 83 74 78 46 21 51 57 97 96 12 27 58 96 98 56 47 41 24 10 70 48 26 30 13 30 37 22 36 50 9 46 53 8 0
